0.005 0.0 0 1267.99298575 0.0 1.0
0.015 0.0 0 8804.782626 0.0 1.0
0.025 0.0 0 23682.8928768 0.0 1.0
0.035 0.0 0 45689.687498 0.0 1.0
0.045 0.0 0 74613.3782745 0.0 1.0
0.055 0.0 0 110243.221427 0.0 1.0
0.065 0.0 0 152369.707015 0.0 1.0
0.075 0.0 0 200784.741077 0.0 1.0
0.085 0.0 0 255281.820294 0.0 1.0
0.095 0.0 0 315656.198995 0.0 1.0
0.105 6.57870862337e-05 25.111262932 381705.048355 23385.2197209 0.752482006685
0.115 7.99468193659e-05 36.2341056822 453227.607672 36963.0382563 0.71442140494
0.125 7.44989702931e-05 39.4863411383 530025.327637 39040.5317218 0.72860018304
0.135 0.000132433075851 81.0360647152 611902.005555 97110.5363266 0.601624851823
0.145 7.57156456902e-05 52.8997892535 698663.912475 52688.611018 0.725385023035
0.155 0.000105991707796 83.7461588642 790119.912264 94801.9938563 0.653612483295
0.165 6.70840743615e-05 59.441962108 886081.57262 55900.6145883 0.74882787556
0.175 9.3526556495e-05 92.2511599193 986363.268108 100141.01309 0.681369353384
0.185 0.000106854840952 116.555366539 1090782.27529 132269.745662 0.651773976841
0.195 8.72926134085e-05 104.677705614 1199158.8008 110708.959947 0.696154341134
0.205 8.34317800513e-05 109.405455211 1311316.32508 113624.869747 0.705637172951
0.215 8.43135962312e-05 120.322347755 1427081.19607 125501.424031 0.703448595675
0.225 6.95566605518e-05 107.554290909 1546283.13171 102959.477447 0.741959035961
0.235 6.85905976177e-05 114.460907894 1668755.07532 108827.878261 0.744627703925
0.245 6.0203976082e-05 108.025998091 1794333.28363 96056.2449259 0.768627762771
0.255 6.54463291137e-05 125.843956294 1922857.37028 116886.460457 0.753447978233
0.265 7.49049428399e-05 153.86751211 2054170.34279 152507.88963 0.727524205036
0.275 5.82970742586e-05 127.56091444 2188118.63309 111461.635048 0.774302227674
0.285 6.61790343596e-05 153.836614742 2324552.12183 143691.953799 0.751373978349
0.295 6.41781207704e-05 158.091515233 2463324.15682 145379.062913 0.757064965928
0.305 7.10715607973e-05 185.091066341 2604291.56563 179024.882656 0.737812551829
0.315 4.5631868653e-05 125.365101841 2747314.6628 94814.6589598 0.81422659485
0.325 5.58176960659e-05 161.439136223 2892257.25177 137695.442231 0.781806743926
0.335 5.22437290574e-05 158.76799368 3038986.62184 130363.607136 0.792883933121
0.345 4.31316239741e-05 137.476597009 3187373.54038 100309.411364 0.822599696127
0.355 3.07501420282e-05 102.622210385 3337292.24051 59265.8526228 0.866738361425
0.365 3.71622302862e-05 129.644914854 3488620.40453 85657.659856 0.843304601068
0.375 2.38579548693e-05 86.8725191511 3641239.14338 41359.0509487 0.893423689664
0.385 2.54410775769e-05 96.5497282548 3795032.97228 48330.4072572 0.887149769464
0.395 2.44098854511e-05 96.4163571429 3949889.78281 46733.9502589 0.891226336121
0.405 1.64190324435e-05 67.4116348312 4105700.81173 23631.5124728 0.924133139964
0.415 1.37339259641e-05 58.5389450043 4262360.60668 17599.1894698 0.935742882642
0.425 1.42685228899e-05 63.0635464515 4419766.98907 19599.3042625 0.933408217421
0.435 1.6806886115e-05 76.9389164411 4577821.01423 27509.7839143 0.922479924802
0.445 1.49738535294e-05 70.9225630913 4736426.92924 22979.8251535 0.930345698867
0.455 1.79601274504e-05 87.9236625597 4895492.12847 33240.0048654 0.917599022993
0.465 1.37807959486e-05 69.6609189977 5054927.10709 21005.1662087 0.935537727384
0.475 1.34778763498e-05 70.2823460812 5214645.41274 20785.5715107 0.936865231282
0.485 1.53323465815e-05 82.4046717722 5374563.5956 27248.4570529 0.928796825814
0.495 1.67320470036e-05 92.6052067034 5534601.15692 32986.6502428 0.922798463656
0.505 1.44279079727e-05 82.162326134 5694680.49624 25781.8141137 0.932714411528
0.515 1.27742648825e-05 74.789831693 5854726.85756 21102.8093649 0.939963299182
0.525 1.10198125524e-05 66.2805169487 6014668.2744 16402.6352837 0.947778303757
0.535 9.39569484213e-06 58.013111913 6174435.51412 12431.386486 0.955129474609
0.545 9.58759671009e-06 60.7274734388 6333962.02147 13254.514206 0.954254942274
0.555 1.00837958558e-05 65.4759405149 6493183.86166 14959.6240291 0.952001077405
0.565 1.3663391396e-05 90.8894214963 6652039.66293 27202.6750275 0.936051790123
0.575 1.29489409237e-05 88.1883809286 6810470.55883 25182.2568849 0.939192273662
0.585 1.76750825834e-05 123.167401279 6968420.13032 45945.1627374 0.918800616159
0.595 2.24504876349e-05 159.978455912 7125834.34773 72580.6001648 0.89907647372
0.605 2.67537517095e-05 194.838517898 7282661.51283 101379.593826 0.8820140725
0.615 3.0153239299e-05 224.305497887 7438852.44512 127684.949594 0.868986248506
0.625 3.97906671672e-05 302.184617179 7594359.14732 209116.84674 0.834060817974
0.635 4.19858222307e-05 325.353904815 7749137.38803 233280.717581 0.826494701864
0.645 5.59188096203e-05 441.93440124 7903143.93745 377321.292239 0.781497851982
0.655 6.41281560912e-05 516.638093745 8056337.89019 474903.946718 0.757208178635
0.665 7.46783281494e-05 613.0105233 8208680.32923 606755.50581 0.728124425933
0.675 9.07492009225e-05 758.675504644 8360134.2704 814445.095203 0.687878072804
0.685 0.000117573459146 1000.62827751 8510664.60726 1166523.9733 0.629775550317
0.695 0.000164288395202 1422.77661243 8660238.05685 1761379.47758 0.549015567429
0.705 0.000208575148523 1837.30158764 8808823.10593 2295615.33551 0.489506032667
0.715 0.000250712707175 2245.48077292 8956389.95816 2771316.21009 0.443741649206
0.725 0.00030035864421 2734.1378507 9102910.48187 3280180.3932 0.399713290285
0.735 0.000333078749018 3080.43156601 9248358.15883 3610569.84086 0.375179090085
0.745 0.00037465380736 3519.01382624 9392708.03367 3992441.36575 0.348035630215
0.755 0.000409871752445 3908.51107183 9535936.66438 4307073.6497 0.327937798723
0.765 0.000420130359224 4066.03089032 9678022.0735 4442104.31109 0.32251283464
0.775 0.00045437730708 4461.50519693 9818943.70033 4734145.2241 0.305634070491
0.785 0.000496354038424 4943.03220385 9958682.3541 5059700.40866 0.28721022492
0.795 0.000481048699152 4857.25462686 10097220.168 5037598.83359 0.293664755911
0.805 0.000474763088764 4858.98208555 10234540.5541 5066634.88944 0.296400326767
0.815 0.000437685988424 4539.0786366 10370628.1596 4885585.31309 0.313633988563
0.825 0.000407649179083 4282.54574173 10505468.8234 4728057.52003 0.329137283295
0.835 0.000379780319743 4040.50163387 10639049.5342 4565000.22895 0.344958242268
0.845 0.000361690919206 3895.90251705 10771358.3896 4466330.75057 0.356067711194
0.855 0.00035230712443 3840.98775222 10902384.5556 4436117.6671 0.362117363969
0.865 0.000341094695209 3762.99700435 11032118.2276 4383916.61883 0.369621069604
0.875 0.000332875348176 3715.07216419 11160550.5921 4355094.96133 0.375322297578
0.885 0.000283523225319 3200.31767922 11287673.7898 3881030.46771 0.413630596272
0.895 0.000268492873518 3064.43827798 11413480.8787 3748673.90809 0.426900837355
0.905 0.000240976652322 2780.380373 11537965.7996 3445466.158 0.453538750741
0.915 0.000215295206417 2510.58395672 11661123.3409 3133973.16193 0.481585139703
0.925 0.000194781978825 2295.10614318 11782949.1056 2868381.4804 0.506608737804
0.935 0.000185033538385 2202.53552571 11903439.4788 2749009.59146 0.519435270078
0.945 0.000136969697768 1646.73073725 12022591.5957 1986393.99032 0.59352517845
0.955 0.000131467264029 1596.06560758 12140403.3115 1909796.42983 0.603377834567
0.965 0.000121375521304 1487.68437066 12256873.1708 1748301.46051 0.622324933737
0.975 0.000129907469345 1607.21526 12372000.3793 1918332.44906 0.606230590648
0.985 0.000116183102765 1450.63721563 12485784.7751 1685871.51026 0.632544871155
0.995 0.000107304029145 1351.84049595 12598226.8021 1536048.65631 0.650821274802
1.005 0.000105699044823 1343.36377529 12709327.4829 1519415.42946 0.654238223466
1.015 9.61420423085e-05 1232.45333869 12819088.3936 1351088.18087 0.675351592908
1.025 9.12621179754e-05 1179.79209229 12927511.6386 1269194.02211 0.686666708977
1.035 7.14726040897e-05 931.616792909 13034599.8271 903493.216815 0.736722590004
1.045 4.63242269088e-05 608.716835281 13140356.0491 464739.125658 0.8119379994
1.055 6.01292343936e-05 796.398712819 13244783.8535 707681.590501 0.768848608909
1.065 5.15850424847e-05 688.551329624 13347887.2258 561164.87456 0.794959819649
1.075 4.38484275352e-05 589.746905243 13449670.5673 434890.354408 0.820181626847
1.085 4.51036618172e-05 611.160872357 13550138.6746 458846.840023 0.815981281215
1.095 4.02804093899e-05 549.799259763 13649296.7199 383584.721195 0.832360825869
1.105 3.34485751198e-05 459.822587214 13747150.2319 282218.492436 0.856719728948
1.115 3.35880692324e-05 464.983324568 13843705.0773 286233.923833 0.856208113099
1.125 2.74636591522e-05 382.815050796 13938967.4433 203199.840247 0.879261332318
1.135 2.69919576735e-05 378.776625633 14032943.8203 198425.102892 0.881088484587
1.145 2.59225557939e-05 366.172716567 14125640.9853 185970.738214 0.88525910703
1.155 2.69357001587e-05 382.946626536 14217065.986 200290.741019 0.881306907023
1.165 2.87341729451e-05 411.106309851 14307226.1254 225782.73921 0.874377437463
1.175 2.54476460937e-05 366.347594554 14396128.9467 183421.208374 0.887123921963
1.185 2.44635743992e-05 354.325083909 14483782.2196 172040.248967 0.891013165657
1.195 2.20338907911e-05 321.038061765 14570193.9258 143485.884312 0.900763389262
1.205 1.94961887647e-05 285.72390373 14655372.2463 115622.492863 0.911177552219
1.215 1.93563216951e-05 285.299126881 14739325.5482 114768.568277 0.911758541785
1.225 7.72946032002e-06 114.566542972 14822062.3728 20521.5799971 0.962790736046
1.235 1.23393255978e-05 183.90026715 14903591.4234 50328.3760129 0.941888646566
1.245 1.03267166647e-05 154.734712415 14983921.5541 36121.1134315 0.950901545802
1.255 8.36708395616e-06 126.033902372 15063061.7587 24288.6447228 0.959844502321
1.265 8.3939031825e-06 127.092265705 15141021.1604 24564.7902205 0.959720975257
1.275 9.68081769663e-06 147.320834688 15217809.0018 32438.3540407 0.953830694658
1.285 1.27210089513e-05 194.547918882 15293434.6345 54692.4500961 0.940198624414
1.295 1.08136207182e-05 166.182723055 15367907.5108 40435.2068602 0.948705303379
1.305 9.96314996887e-06 153.867752714 15443685.2998 34774.2777867 0.952548102034
1.315 6.3875986201e-06 99.0779471708 15510985.1234 14857.5575876 0.969050472689
1.325 4.84010437208e-06 75.4306329068 15584505.4379 8701.066777 0.976371304892
1.335 1.04386777404e-05 163.411899739 15654463.5061 38519.2693514 0.95039563139
1.345 9.68229717579e-06 152.237830491 15723317.2797 33525.6697569 0.953823964606
1.355 1.66894011255e-06 26.3543612181 15791076.636 1081.47183986 0.991724357198
1.365 4.16397671574e-06 66.0313079985 15857751.4972 6596.29332799 0.979604743292
1.375 2.58423359349e-06 41.1496607037 15923351.8237 2591.11531268 0.987243658859
1.385 4.18477400217e-06 66.9056964084 15987887.6072 6715.65530598 0.979504965428
1.395 3.26224071133e-06 52.3634289861 16051368.8657 4134.57299673 0.983950581771
1.405 2.97753299595e-06 47.9793879729 16113805.6364 3467.491037 0.985330726253
1.415 3.31641506281e-06 53.6437033605 16175207.9714 4303.70747345 0.983688404786
1.425 3.98547561841e-06 64.7065318805 16235585.9315 6197.68913485 0.980461963744
1.435 3.06869602297e-06 50.0042469747 16294949.5813 3721.12965076 0.984888384655
1.445 3.03325389742e-06 49.6037382143 16353308.985 3649.96602046 0.985060309879
1.455 3.3343705671e-06 54.7192690413 16410674.2008 4412.98610144 0.983601539878
1.465 2.57341352559e-06 42.3765427773 16467055.2773 2657.48125044 0.987296390574
1.475 2.44207865829e-06 40.349152441 16522462.2491 2404.32121694 0.987936901881
1.485 2.53071378858e-06 41.9514023911 16576905.1326 2588.25897194 0.987504543181
1.495 7.41833492943e-07 12.3369832126 16630393.9225 227.111767976 0.996304539617
